I
1050 Generated by WorldEditor 1.6.0r1

1      0 0 0 EP0Z Zernica Wyżna
100 28.59 3 0 0.25 0 0 0 01  49.37076966  022.33679056    0    0 0 0 0 0 19  49.37286788  022.33789335    0    0 0 0 0 0
100 43.42 3 0 0.25 0 0 0 02  49.36918318  022.33560117    0    0 0 0 0 0 20  49.37076811  022.33687856    0    0 0 0 0 0
100 40.00 3 0 0.25 0 0 0 03  49.35960051  022.32848084    0    0 0 0 0 0 21  49.36519479  022.33285633    0    0 0 0 0 0
1300  49.36420918  022.33262049 339.15 tie_down props New Ramp Start 2
1301 A general_aviation 
1300  49.36437232  022.33271661 340.82 tie_down props New Ramp Start 1
1301 A general_aviation 
19  49.36152496  022.32893438 0 New Windsock 2
99
